%YAML:1.0
---
type: IMU
name: adasoneIMU
Gyr:
   unit: " rad/s"
   avg-axis:
      gyr_n: 5.4173429812977541e-04
      gyr_w: 2.9437021883629829e-05
   x-axis:
      gyr_n: 7.4689188404863276e-04
      gyr_w: 2.8819088041744467e-05
   y-axis:
      gyr_n: 4.4388423447574494e-04
      gyr_w: 1.0368608298348305e-05
   z-axis:
      gyr_n: 4.3442677586494853e-04
      gyr_w: 4.9123369310796710e-05
Acc:
   unit: " m/s^2"
   avg-axis:
      acc_n: 1.5121469033094441e-02
      acc_w: 2.2345640034008478e-04
   x-axis:
      acc_n: 1.5935058057601339e-02
      acc_w: 1.5881701818851843e-04
   y-axis:
      acc_n: 1.6071326572690656e-02
      acc_w: 2.8541375379177161e-04
   z-axis:
      acc_n: 1.3358022468991322e-02
      acc_w: 2.2613842903996436e-04
