%YAML:1.0
---
type: IMU
name: adasone
Gyr:
   unit: " rad/s"
   avg-axis:
      gyr_n: 5.6127563388035117e-04
      gyr_w: 6.0708375963130252e-05
   x-axis:
      gyr_n: 8.6857493165033608e-04
      gyr_w: 1.1722147569599749e-04
   y-axis:
      gyr_n: 4.3804542651308486e-04
      gyr_w: 2.2896585629598505e-05
   z-axis:
      gyr_n: 3.7720654347763268e-04
      gyr_w: 4.2007066563794766e-05
Acc:
   unit: " m/s^2"
   avg-axis:
      acc_n: 1.4373537705075280e-02
      acc_w: 4.8410547284435213e-04
   x-axis:
      acc_n: 1.4601717879084528e-02
      acc_w: 5.6184701589624155e-04
   y-axis:
      acc_n: 1.4962052311513409e-02
      acc_w: 4.6520280381724666e-04
   z-axis:
      acc_n: 1.3556842924627903e-02
      acc_w: 4.2526659881956820e-04
